34382
6666
4907
36649
8013
17936
24679
693
27550
20131
8953
32084
22088
41546
14107
46965
25521
6305
45341
13773
31277
22210
36720
8700
49320
45521
15357
5916
13447
35678
5059
11892
32173
13897
6099
13741
47281
20750
25606
37433
34005
2169
27293
13004
18445
26005
42910
27998
39404
39907
48459
10497
49011
43793
47580
29734
36141
48938
31939
30499
12163
11300
48642
977
10877
20296
35639
2684
49690
19213
24912
49746
5568
3388
9017
16188
46315
2779
42076
21828
2530
49304
29078
8317
42171
29989
29811
11801
37401
5735
36956
17895
22271
34098
7306
35098
38575
44820
43815
27174
39397
33245
19860
1020
41954
29526
12793
16502
8027
45484
22249
780
40607
40861
26329
32302
11316
48247
19567
1835
36081
25068
46089
17874
11952
2528
26193
46547
21183
16277
24825
45522
4412
45868
13537
35592
28306
3595
42599
2502
38500
21865
4778
383
42044
22376
4887
44588
46515
1841
4500
4540
20130
21677
47475
47915
6974
5535
10226
12617
4213
18996
41817
43023
28609
6637
38158
47858
13022
6910
25358
42619
27123
1728
13831
84
49806
48813
44659
42256
8929
8381
20318
11844
14195
38048
27471
43325
5009
40628
2906
16868
13250
18817
9782
8025
3317
11386
34786
15296
47513
41508
30515
8346
42117
8995
32835
6359
20896
39149
18881
350
357
12016
3444
36834
24151
33470
4044
1889
33530
18046
11651
34919
49699
18299
4617
7060
47078
16332
15897
4261
11650
8776
16165
22427
19509
1378
27128
384
46134
26004
23764
2444
25043
9909
5781
5177
14533
20227
25856
7349
15091
31414
25794
7619
12173
26822
22394
39639
19993
12747
33047
44573
34037
23409
8224
49733
42505
26287
7609
12654
37795
42296
28566
6315
42874
46831
25289
44261
3061
28430
33630
5238
11466
35070
20202
28706
21093
41274
686
32620
27253
30619
20879
5234
25576
36633
30944
18164
37888
3749
6418
21985
41906
36442
17244
16355
39152
29503
40355
6188
34328
23905
24611
23805
47470
5628
4553
44744
24555
40473
7561
336
26877
6757
8036
4701
34104
8430
24090
6048
24695
12382
36211
20055
21369
36369
9605
23175
42340
6883
14274
47935
22512
9122
42876
8262
13526
13707
7731
43409
36620
42372
38427
44717
42120
37678
8656
20399
32608
37281
40771
29085
22041
6084
32601
5051
26867
46972
32733
26701
47331
33320
7513
33327
35440
8775
45854
41382
45373
7136
13227
28526
21343
14865
24707
40224
48877
32610
32698
47447
9179
601
23196
22295
12882
36527
23351
32070
3013
22733
3136
48519
40451
40302
24781
30750
32291
31275
38203
20719
33829
46623
47276
18684
12160
24126
21406
49956
38795
45602
24353
16832
17432
48400
43849
1721
41094
49440
18968
33224
12935
4345
41117
49334
25870
14372
2879
44458
22753
5146
39128
7908
39752
32767
15042
891
7266
12341
38173
1984
14895
35213
42173
38196
40397
8155
310
33271
24935
42373
46096
3588
2409
37477
19665
23079
38197
44148
48765
8304
18223
19109
34279
45415
1388
14385
20106
1741
12268
27063
47312
34896
15204
244
3590
30957
42080
25687
15286
2552
6114
38656
41574
40297
27731
39789
22798
36481
33537
17831
73
26117
39505
16351
35477
37900
47148
38147
1258
20322
41726
28778
14435
47850
2199
13787
23864
27729
47354
5351
44697
17358
33318
32430
35258
3867
26219
35180
9920
28140
39523
263
15817
18018
15580
48442
38392
47306
47727
43835
37648
31826
37867
36919
49617
17753
31001
9542
31463
30103
23116
23861
42728
20289
22043
23491
43291
44010
39584
28441
29498
5220
38929
23233
46027
36325
44749
30947
21340
1367
36244
30081
22484
32584
39796
11381
30843
5897
2499
26970
49000
29200
7862
47622
11073
37734
20713
30809
8337
26369
27427
31828
38688
7265
25220
45751
42685
42891
13113
23836
25925
46309
28328
38265
8791
3050
29891
848
36865
35265
3418
22721
32196
42078
20439
21747
19967
15373
36108
47130
41696
15547
22513
41841
46880
11876
34588
30600
24453
23428
21102
37111
20968
18873
39487
20449
14431
25684
20464
42264
39565
6877
31130
23977
68
27127
24867
12154
5727
35628
41661
26986
16598
49741
8012
28410
40057
8952
41314
30571
27920
10023
10665
32404
3675
22894
47346
20359
41825
12365
2647
20519
17863
34089
6585
2182
22663
40849
39080
11177
1256
29448
42995
36202
28295
24556
31765
11061
39019
15979
49196
6380
2143
22142
30351
23475
5901
44374
35817
12739
9682
14764
9904
41356
6751
38580
7108
330
5826
24075
5375
8947
36329
6850
44269
21070
4062
9358
14127
23131
19525
9375
39220
3125
31700
13480
21930
26824
6505
14485
228
25269
38602
224
31384
38890
34378
3859
25699
19118
5861
33925
42352
16035
21172
46017
36166
5170
20864
22128
2078
46620
38332
26103
8674
11358
11385
35465
30051
46211
47906
2464
16196
3337
13128
27320
15953
17392
2360
17527
6516
38946
14396
47540
22098
34661
48699
35936
9578
45645
5102
12679
31698
39054
25193
7354
14111
37130
894
21782
37693
40317
26385
1974
11291
3923
31212
30661
22869
8044
13588
48879
9680
11151
40962
27099
37428
5126
42133
14351
12716
46014
49843
4855
9027
36625
38344
5987
29007
1956
12984
37488
27040
12578
39613
28384
47756
30824
23162
18249
32010
25484
5395
12250
2400
10703
7876
32997
29324
27172
8502
49259
43578
48509
10188
33302
8951
47212
21034
795
30719
5898
38551
37589
2030
7815
4763
35553
33800
2097
15612
40580
14286
38101
21889
18479
46604
38654
38161
24909
24129
14013
21840
889
19150
3901
16696
36165
30485
22547
42206
16448
16291
37819
47714
5087
21320
3902
11123
38310
30105
19606
5807
33589
40189
3531
47397
1489
29212
5850
39924
4329
7378
8652
29025
41442
41570
42177
4058
39537
17280
21211
13540
48195
15543
7310
19361
26324
32691
32569
13756
6546
12404
404
37065
44613
23228
28804
4564
38686
20665
11049
8980
29510
35112
44813
42415
11323
31450
36222
2916
46095
32723
35250
24255
5495
33569
28361
39492
41214
15460
35951
42289
34313
26097
35524
33780
47667
24739
47092
7564
13470
41810
22754
15090
26303
30526
22212
26280
19347
9526
36937
47865
43088
22327
14309
18571
38277
27064
42837
28798
39933
38434
39106
21952
32549
27409
37774
12955
45141
47892
34337
2183
43713
1219
35232
29439
33425
